"county" "y"
1 2.32331356495852
1 9.8909154169255
1 11.8306496952336
1 6.54830879531092
1 2.78900682282437
1 7.74314551543637
1 1.61835233160077
1 3.11268087736328
1 1.77279118834018
1 7.85555007945874
1 3.25924357079018
1 3.78918708601851
1 11.1010258237693
1 1.96218986126874
1 2.09694969168115
1 0.762219432049837
1 4.93953489013339
1 3.69266711766391
1 5.22350204454605
1 1.12523670130396
1 1.93721641666546
1 5.72417728361926
1 0.403635859033768
1 3.33625161647335
1 1.23507735609549
2 1.9724782120311
2 6.28679702810769
2 7.40257389187182
2 3.00660973263869
2 5.32517999288356
2 3.18938841072121
2 4.3659435404436
2 2.93602503716111
2 8.71856032300923
2 10.6101110325853
2 2.59486012670001
2 5.63714505469337
2 1.99723126737155
2 1.90088681486174
2 4.29947951215134
2 2.88595436696456
2 5.43262176623826
2 5.11748568124657
2 2.06188678412689
2 6.96416122434801
2 3.64571589042516
2 6.20278620162853
2 7.75728995151698
2 1.38417500667093
2 2.73970649210714
3 2.4082891891918
3 3.6603665781824
3 4.12342305565702
3 5.18038459699648
3 2.41211036223628
3 4.36500113425635
3 5.98552472099441
3 1.74353889653003
3 4.19747928436976
3 3.63522540073414
3 5.34507141664898
3 4.75480590049147
3 8.16767755607184
3 3.73524816862103
3 2.28430449260665
3 5.74413008041707
3 5.85138523030354
3 3.59508047094758
3 4.97837078442259
3 6.41654732621485
3 4.53197597363719
3 1.83439849518321
3 4.9841653562041
3 2.1624223561003
3 2.6928217526865

